196
188
157
61
229
407
151
402
106
223
136
187
109
110
123
285
57
249
193
185
166
395
174
238
210
225
213
248
75
156
135
434
211
121
190
112
144
190
124
68
116
439
111
326
78
308
183
102
244
113
85
243
157
391
185
333
234
365
56
405
80
444
143
60
245
213
129
347
108
239
158
65
110
302
151
55
246
263
66
161
149
321
210
173
169
419
198
200
149
61
60
246
104
290
68
159
120
297
185
404
155
245
70
199
230
445
81
311
235
226
241
221
157
297
57
258
205
217
129
422
247
111
119
237
62
144
79
273
116
215
205
200
112
253
75
115
194
97
244
407
163
111
81
187
190
243
126
344
156
189
123
138
72
142
66
272
226
357
121
258
144
185
172
233
122
370
125
101
72
393
211
172
96
172
246
307
100
135
199
351
135
404
102
380
244
249
178
312
241
71
177
57
171
210
61
313
194
142
124
317
203
284
185
302
57
302
105
135
50
199
156
151
92
330
243
117
130
155
192
205
104
171
157
128
117
322
205
217
99
137
53
276
80
95
127
85
213
409
178
257
70
155
138
50
148
202
110
206
131
235
244
179
247
220
217
159
192
175
89
399
75
289
54
301
137
176
72
356
210
160
211
56
226
259
55
427
221
227
80
334
151
261
187
207
124
324
129
305
172
360
139
290
64
117
122
431
89
406
233
394
246
339
223
439
103
311
140
170
155
342
65
334
118
232
61
328
56
214
108
241
129
438
177
318
93
157
157
277
159
269
72
75
159
404
105
412
74
433
150
415
91
280
133
286
59
207
50
399
90
203
99
242
146
423
141
261
202
150
80
425
96
241
222
302
212
294
222
405
206
164
199
427
130
133
111
173
127
421
102
302
228
280
191
178
147
288
215
281
163
340
124
281
234
117
51
80
178
378
205
351
149
150
89
412
90
107
69
60
109
271
242
114
249
197
96
70
208
438
137
199
181
370
152
402
76
104
156
290
166
99
85
281
130
163
122
163
224
218
146
445
138
293
90
100
225
72
158
280
51
437
172
170
139
373
225
235
196
150
149
56
194
230
133
358
197
136
218
254
76
72
146
301
247
298
243
61
158
426
106
235
131
399
231
337
228
425
52
141
154
369
218
325
97
246
209
342
95
272
186
90
141
130
158
409
230
117
178
77
54
446
214
420
67
306
161
341
80
144
112
81
62
423
158
73
106
295
83
413
189
157
203
312
219
234
159
67
135
449
211
434
89
195
60
145
236
340
122
381
76
87
72
159
171
322
109
312
232
369
213
85
100
305
60
298
156
75
121
280
146
319
232
128
182
104
164
61
245
325
75
102
190
374
185
212
190
57
53
142
224
279
245
223
249
244
225
228
115
126
153
192
198
127
105
266
112
80
178
167
183
315
199
297
159
422
68
93
78
299
195
205
135
336
66
75
74
294
141
247
92
173
221
192
166
195
200
262
120
410
185
252
101
376
126
317
197
216
145
254
73
446
164
92
178
51
103
361
193
422
213
362
205
268
112
217
189
345
73
98
182
302
132
68
166
401
144
287
112
167
70
81
87
327
161
321
224
75
229
187
161
130
102
140
158
184
153
447
115
399
107
215
208
417
81
105
147
366
95
99
226
383
176
424
131
206
207
93
130
291
51
223
209
351
104
392
179
306
158
301
152
192
55
152
114
129
199
314
226
417
182
212
209
108
53
197
174
290
203
254
85
315
132
366
162
330
198
157
71
268
155
58
118
271
67
221
219
365
96
438
139
336
161
83
188
216
191
406
141
86
234
289
167
52
72
182
243
422
164
403
114
164
67
123
247
278
220
429
176
104
70
258
89
428
143
346
153
329
56
256
216
196
128
211
109
60
211
287
209
96
160
229
106
190
94
448
98
131
137
188
84
336
121
350
163
356
152
162
210
124
93
245
227
132
115
279
121
190
180
420
233
359
163
140
121
57
198
252
59
146
163
247
100
136
248
167
134
392
64
330
196
276
213
113
157
218
145
190
111
108
145
373
205
311
66
80
145
337
168
161
64
206
163
115
94
372
182
123
111
191
83
381
143
141
99
418
237
390
95
66
212
199
223
114
160
164
74
53
158
180
88
237
53
403
152
142
191
64
225
423
67
316
241
443
182
222
247
149
56
229
247
359
144
208
185
89
236
445
88
433
242
263
125
343
88
298
232
116
238
341
93
298
108
114
184
52
241
183
215
222
87
291
193
379
102
287
210
406
52
172
115
191
135
445
142
115
67
214
171
315
99
113
239
102
126
61
246
99
82
347
170
247
158
385
178
361
149
429
207
387
179
311
174
150
205
406
75
332
116
426
152
194
84
309
220
430
92
291
68
96
160
189
116
390
233
397
224
73
130
205
87
360
223
425
74
303
72
353
193
214
224
81
175
87
176
182
185
224
57
149
105
394
188
70
93
443
156
413
217
343
193
51
201
353
165
201
71
194
228
332
178
85
197
212
237
383
143
62
211
404
127
273
180
273
183
105
189
169
246
409
206
116
187
242
75
420
181
295
78
388
168
120
118
269
92
388
64
238
141
104
94
220
84
306
91
244
62
256
90
322
166
415
236
261
106
228
135
91
127
117
115
185
209
158
59
438
80
283
136
333
183
160
249
223
117
401
56
159
172
314
117
248
98
222
82
275
168
59
91
440
90
286
197
241
164
248
212
180
154
379
90
428
175
214
164
350
141
92
233
275
111
107
64
141
198
225
125
147
195
410
167
66
160
336
246
304
179
213
176
332
225
315
151
60
107
50
231
383
177
381
221
92
178
152
123
329
165
167
146
240
66
419
206
236
241
89
95
174
217
289
180
114
125
178
230
341
81
365
155
127
172
363
158
170
114
143
221
280
133
166
93
223
120
416
203
78
147
158
208
421
163
251
140
393
164
67
245
208
192
244
72
55
147
171
97
98
240
298
213
91
95
303
178
438
150
278
59
327
158
386
55
92
97
190
219
385
225
299
161
253
118
106
100
314
74
188
131
157
237
81
247
74
239
94
155
203
81
166
147
158
213
214
239
319
241
436
88
389
176
312
187
297
194
303
91
374
121
168
120
433
149
180
73
139
167
441
167
345
129
312
212
174
215
90
222
94
198
56
145
374
185
328
70
343
219
78
236
81
129
93
74
69
173
199
99
225
120
264
166
224
164
303
168
321
98
226
145
116
82
347
98
397
102
96
240
363
50
75
108
235
141
232
99
299
181
191
170
117
124
306
240
103
173
267
158
190
234
390
73
146
165
173
182
241
197
192
134
419
162
445
70
179
246
217
104
339
53
51
147
402
153
50
185
87
222
78
161
341
96
150
77
328
110
412
56
68
122
262
105
444
173
68
71
153
91
384
181
112
172
204
69
141
144
213
194
372
189
156
248
344
214
220
169
428
100
112
61
244
57
413
71
442
203
321
122
106
192
83
204
432
81
123
95
187
116
393
211
67
68
237
142
351
98
239
135
283
103
58
153
171
142
91
247
344
231
206
103
159
213
330
180
192
233
342
84
214
151
108
170
301
92
308
134
270
247
354
172
219
186
88
173
306
228
255
55
271
104
51
121
224
230
187
120
223
133
341
179
161
105
151
123
395
168
64
192
66
201
217
70
244
248
216
157
419
206
284
147
271
72
424
87
364
180
292
160
93
125
245
119
292
141
122
78
174
179
181
71
270
151
436
96
101
163
318
186
147
120
329
203
199
94
413
59
339
52
417
161
190
167
330
108
122
79
107
53
405
52
362
232
119
84
248
74
171
59
139
110
298
236
358
50
261
191
260
105
151
53
67
147
373
166
437
127
410
143
154
167
198
196
221
88
347
156
131
149
145
229
85
205
401
160
443
195
241
187
208
164
400
203
439
160
226
147
137
92
50
206
322
55
256
167
270
87
110
162
104
62
413
153
126
90
251
166
393
181
281
208
144
185
84
225
394
132
65
131
392
99
209
107
87
64
258
193
449
226
358
242
318
229
90
174
447
203
420
144
259
234
404
229
375
232
146
109
396
120
370
222
181
238
442
143
446
134
71
233
90
58
151
148
313
158
138
163
442
61
335
221
83
51
299
190
52
224
369
165
73
173
413
177
411
220
156
235
335
52
285
138
149
85
396
139
238
95
87
107
55
133
415
176
299
221
227
212
252
89
345
57
408
58
294
220
68
123
169
58
161
138
136
108
82
112
333
152
398
139
157
228
342
183
69
247
256
79
190
96
335
169
124
235
135
170
349
67
55
136
213
126
374
156
223
150
175
149
424
179
310
169
440
213
127
224
86
212
175
57
90
248
328
221
340
160
322
240
103
115
264
168
303
154
308
174
423
97
344
71
404
140
182
92
120
245
128
152
169
157
307
145
333
217
73
160
88
213
295
86
302
247
238
90
82
58
369
238
129
140
343
96
427
183
214
188
91
174
183
116
109
218
201
144
249
103
51
65
147
209
277
52
257
112
88
126
294
178
177
90
375
161
233
79
342
118
137
155
210
93
202
92
75
129
193
58
232
149
211
177
136
135
80
195
119
215
379
95
202
249
121
193
227
227
159
237
176
88
339
243
158
123
116
129
299
84
446
223
438
143
105
65
260
141
51
75
378
177
403
113
91
102
77
218
326
194
429
231
284
213
142
59
400
233
221
233
173
195
284
88
380
115
152
110
102
248
311
195
304
180
423
159
110
184
283
208
308
149
95
211
297
207
149
92
368
244
125
62
335
88
232
81
149
140
73
74
355
139
327
145
134
60
286
65
192
167
74
229
328
125
97
184
159
202
408
84
371
150
369
116
109
211
107
139
396
113
95
182
341
241
385
129
176
191
156
78
267
76
91
141
391
61
143
177
370
181
324
112
337
105
379
224
288
52
256
79
406
61
391
72
327
195
159
120
222
69
350
60
312
206
280
168
397
235
227
56
348
52
294
99
325
163
370
143
275
65
167
233
345
148
359
82
210
187
357
185
67
103
107
195
424
53
298
51
127
228
372
207
226
220
93
186
372
95
141
186
162
80
246
123
410
137
70
206
80
116
221
146
213
61
326
140
211
117
74
95
225
155
264
134
271
179
358
236
353
114
385
71
196
79
321
195
72
223
208
67
328
233
349
114
105
122
161
122
193
62
243
236
381
159
72
115
181
79
74
235
407
175
178
116
66
230
80
78
348
202
288
123
155
178
394
82
382
227
136
66
235
103
411
240
342
215
256
115
397
121
56
182
429
57
57
165
60
241
146
248
124
210
219
215
240
60
67
209
389
222
244
163
357
195
130
96
295
148
166
128
86
190
345
135
431
147
388
106
215
148
358
215
217
90
420
50
163
51
250
239
120
230
139
86
267
164
58
228
184
168
379
84
180
135
184
133
413
169
116
234
223
111
294
112
214
155
410
225
164
243
424
148
441
131
275
177
366
119
102
54
156
92
64
241
190
77
124
58
141
103
173
110
72
97
80
146
266
152
371
127
360
191
206
177
430
238
81
109
97
228
273
120
136
126
256
214
300
180
309
236
439
162
75
99
435
153
127
232
411
244
152
84
369
53
336
74
323
60
120
229
120
246
181
111
211
158
186
199
240
195
308
118
314
240
271
104
339
157
329
109
185
223
286
203
359
101
411
57
328
71
282
203
304
215
364
239
222
65
171
97
153
246
334
107
240
85
210
68
135
63
182
90
281
101
168
101
448
92
220
140
333
136
70
222
424
180
147
232
139
86
69
132
111
69
250
237
278
150
208
218
232
227
253
140
52
160
367
129
176
96
298
188
428
200
422
84
254
196
420
72
281
106
412
211
358
126
94
91
112
182
441
164
79
172
75
123
308
176
92
105
155
127
173
154
64
91
203
66
147
243
407
150
132
215
231
223
366
146
259
145
217
148
229
189
220
222
368
102
317
183
361
216
338
141
156
132
430
147
55
180
244
145
107
118
251
143
309
197
260
102
422
118
207
80
117
100
387
83
95
200
269
91
242
61
391
151
191
173
342
96
214
152
358
120
109
149
311
170
256
241
395
206
149
234
386
86
159
237
152
111
350
230
150
96
119
117
85
88
302
152
445
191
361
229
238
50
340
214
75
140
438
153
101
165
355
106
448
94
376
216
111
229
180
74
348
70
224
228
61
144
236
243
291
208
200
146
99
55
89
200
88
145
209
196
362
239
67
180
157
222
109
65
365
107
108
187
362
94
114
87
180
173
96
134
271
159
250
216
159
194
427
202
51
127
358
210
383
171
121
144
292
154
82
223
268
221
399
212
134
177
360
85
61
216
168
208
229
179
294
85
419
91
291
150
333
184
119
118
347
56
379
92
102
204
113
66
163
134
110
229
244
112
171
149
81
162
433
144
442
220
160
54
443
118
83
79
191
209
65
90
432
237
254
79
353
170
365
163
360
217
173
110
91
200
236
144
118
245
390
58
432
228
160
97
331
70
311
195
335
194
241
158
252
167
366
99
436
157
342
98
208
103
440
108
301
172
360
116
413
249
257
100
139
145
203
54
110
90
103
153
125
75
208
128
139
113
204
82
200
244
66
233
414
107
355
220
343
74
268
168
385
234
441
149
273
138
260
155
57
135
351
116
319
68
120
145
131
211
206
223
235
210
195
234
128
204
158
204
172
196
254
50
66
65
427
199
65
230
62
114
67
136
203
226
108
221
382
127
160
106
445
84
71
77
247
152
376
58
273
58
161
161
395
56
351
201
256
232
97
198
313
149
287
172
205
247
253
51
420
171
201
67
236
232
373
148
277
79
133
186
318
143
218
197
190
78
253
156
276
146
273
58
442
162
417
207
112
175
138
92
278
67
93
120
260
115
415
217
55
207
408
168
369
192
252
73
159
126
181
177
331
197
426
194
126
140
409
183
167
174
416
195
447
127
240
149
446
201
403
232
188
249
343
79
231
116
64
160
444
150
89
146
298
66
438
177
71
71
234
203
308
248
301
229
285
223
142
235
256
64
279
181
407
145
156
248
366
186
412
66
196
131
408
66
332
206
83
238
229
243
234
163
248
76
247
159
284
91
390
54
402
221
156
149
277
205
317
161
157
244
314
62
149
174
110
98
52
93
202
92
427
215
398
95
82
143
129
159
128
80
74
206
334
59
309
163
104
82
354
154
292
165
251
246
381
237
443
240
63
175
127
232
220
125
225
136
257
76
141
85
230
91
285
222
243
50
392
239
170
215
278
177
162
173
77
157
89
203
317
184
366
122
54
110
295
87
196
91
442
55
267
126
227
185
198
158
154
173
120
181
441
93
396
216
73
103
409
164
359
171
271
206
343
87
415
195
424
201
192
164
366
63
279
199
261
104
169
214
285
78
391
229
344
200
239
230
76
54
314
236
430
217
334
225
412
58
373
90
210
96
51
237
392
103
365
87
212
203
109
173
407
129
256
104
103
196
103
118
260
90
409
50
131
85
245
76
201
239
313
99
314
77
96
93
445
99
202
200
291
149
353
86
255
171
357
66
348
167
350
92
260
241
347
156
390
244
311
99
155
202
138
169
437
175
156
133
154
84
422
180
324
202
194
108
186
146
282
244
297
54
391
180
96
204
286
133
340
197
422
112
312
229
195
82
308
62
328
190
191
243
333
146
385
218
300
192
142
202
50
143
203
97
311
157
360
230
161
149
374
169
203
209
202
141
397
85
202
62
233
167
410
53
361
235
71
129
177
219
425
62
155
144
235
201
114
177
259
219
377
85
351
130
321
131
125
54
119
113
310
187
121
169
97
114
255
153
162
117
296
150
170
243
416
73
305
101
215
246
341
196
173
183
364
233
63
115
297
119
424
224
77
89
153
117
361
59
424
187
312
120
105
92
307
84
185
133
293
224
107
230
220
137
352
180
105
136
392
166
117
152
79
68
78
230
84
159
182
154
271
178
430
117
169
164
448
234
301
154
292
121
363
56
147
232
373
107
277
140
342
61
320
216
274
227
432
163
168
193
333
62
107
114
404
94
311
149
430
131
380
153
432
90
275
157
142
156
342
235
92
175
200
87
292
114
420
228
67
185
176
87
239
157
395
155
276
152
76
205
386
76
394
81
226
179
57
211
297
77
78
152
434
59
230
172
392
236
228
65
332
209
353
90
264
165
250
106
206
96
93
109
346
232
178
223
247
164
325
138
411
161
219
122
268
210
115
187
419
132
350
52
126
131
182
177
255
92
84
60
426
96
152
147
445
217
256
210
104
130
270
235
288
103
80
134
71
158
405
150
213
142
358
190
93
123
161
136
403
164
332
249
448
173
214
164
310
117
356
90
141
118
116
81
210
207
376
192
248
52
76
123
179
146
419
146
344
142
293
246
91
176
130
133
336
132
206
94
76
55
90
59
210
77
237
246
330
128
234
186
280
235
435
115
413
54
136
63
112
130
296
154
446
140
84
64
141
208
188
237
136
245
438
247
184
115
204
50
402
72
53
188
55
118
145
144
174
115
422
205
377
228
278
245
82
235
211
132
237
74
405
161
124
170
447
73
256
85
87
108
225
168
437
99
172
221
90
129
387
120
331
112
68
141
203
106
373
72
221
173
110
234
324
61
99
124
73
214
327
193
224
211
57
120
149
187
377
87
175
117
127
215
364
171
222
72
430
98
391
128
258
161
230
68
283
196
355
236
333
183
56
83
109
131
375
124
157
236
346
104
182
230
85
210
413
183
93
218
58
145
282
74
384
243
273
176
150
69
111
239
437
94
185
239
125
80
163
131
98
243
429
171
121
173
310
67
96
119
312
202
312
222
297
218
277
237
364
53
396
131
208
109
223
89
162
116
59
151
271
108
148
198
220
179
168
220
126
177
53
110
216
114
444
195
350
129
449
99
245
204
270
217
212
182
269
80
60
153
216
208
157
201
64
87
83
235
337
180
195
192
307
129
190
169
271
151
111
99
194
123
139
209
307
109
190
171
71
111
65
156
79
129
238
218
352
54
227
90
299
208
221
163
95
206
80
154
414
85
234
82
227
198
354
135
284
80
413
61
172
79
361
243
71
106
294
162
124
77
136
130
228
226
78
122
217
76
213
100
128
189
250
188
52
54
117
249
294
50
145
178
268
53
118
249
300
175
223
56
218
184
310
126
316
123
148
104
399
97
365
134
417
161
380
230
85
161
169
78
150
162
439
133
305
247
401
116
379
82
104
193
193
54
142
166
210
82
315
88
401
54
56
168
180
245
251
136
144
223
111
208
177
242
423
228
224
220
286
221
257
191
332
104
112
53
385
142
116
219
130
190
307
229
93
160
256
192
74
234
120
210
86
75
420
51
77
116
152
103
132
102
267
163
318
179
78
181
344
86
111
75
357
62
285
143
238
65
252
246
94
96
332
223
441
203
402
79
321
187
69
109
203
54
104
190
436
186
280
86
430
96
94
193
431
151
391
216
187
144
415
174
78
170
378
93
147
228
415
147
198
86
151
53
356
189
125
212
93
181
188
112
217
80
346
114
90
234
306
166
146
239
158
229
59
249
274
78
402
82
216
72
244
238
90
53
356
150
295
211
84
73
220
148
249
192
122
94
430
139
406
119
392
200
439
117
243
133
91
199
390
68
310
214
128
123
446
157
331
63
207
213
283
108
403
148
66
149
133
247
335
203
240
161
266
196
337
154
280
112
411
228
293
53
356
92
125
228
443
193
274
78
193
210
331
199
70
131
419
72
84
148
343
165
105
135
276
196
81
202
331
230
223
148
234
225
315
103
434
226
62
137
179
106
322
68
312
163
108
215
399
52
189
95
408
149
277
143
64
86
401
170
422
176
356
172
421
175
327
185
267
158
382
105
401
243
130
72
263
232
304
90
362
90
185
107
295
233
58
117
214
156
222
80
53
181
218
192
57
204
119
162
421
54
197
152
249
208
204
214
191
72
411
164
422
217
399
191
280
115
268
121
404
214
323
197
290
209
122
67
123
216
215
72
186
104
328
243
443
139
383
112
425
199
217
170
408
69
418
114
309
130
344
107
81
71
54
215
264
201
80
192
60
129
146
105
279
245
220
122
118
57
61
228
134
166
397
50
207
220
58
203
291
67
222
124
236
246
117
188
412
209
231
203
220
55
152
217
150
105
196
205
108
211
406
220
390
119
242
161
375
188
403
107
190
110
304
208
68
167
434
108
75
151
322
176
223
67
406
128
78
106
350
220
123
229
366
213
394
170
249
144
164
150
212
98
326
145
444
174
385
158
88
212
154
192
434
180
419
134
256
243
412
233
387
219
103
168
397
239
397
204
83
138
339
219
210
86
285
103
251
188
349
220
288
176
270
226
118
151
128
214
94
193
381
111
231
55
125
144
284
140
85
80
58
93
371
180
345
204
408
248
350
78
400
114
200
248
67
173
346
249
428
179
229
174
157
168
294
144
198
199
335
213
175
74
268
241
162
201
424
220
180
194
382
61
72
181
446
178
99
200
56
217
251
110
441
87
279
74
275
96
94
226
262
215
256
109
125
123
104
196
397
181
229
199
346
114
74
108
295
131
266
238
409
159
400
131
344
76
92
199
110
186
275
124
222
210
271
182
229
137
98
91
364
88
72
193
103
68
172
245
292
104
392
67
395
179
447
143
59
217
433
156
299
164
298
107
196
142
139
157
89
53
144
136
236
150
178
157
191
58
403
72
246
204
384
73
77
91
134
124
56
133
280
239
410
69
383
58
354
118
52
211
182
233
152
76
97
107
421
117
414
119
315
134
269
211
373
238
405
166
114
205
91
125
198
233
192
222
191
134
337
94
345
110
159
67
205
217
300
63
127
94
435
123
223
218
410
188
248
199
122
102
422
123
104
173
128
144
133
216
446
68
279
142
132
56
183
222
286
110
416
156
133
113
309
247
329
101
283
105
236
229
373
206
310
113
52
52
415
174
407
172
411
172
173
111
112
219
262
145
296
143
199
118
200
106
104
135
300
138
295
121
210
203
365
151
88
86
192
124
434
218
288
208
279
62
156
194
344
76
350
206
222
65
310
114
366
175
187
74
232
76
394
217
317
247
191
116
168
88
129
86
421
244
82
226
300
224
90
83
189
90
102
191
235
238
347
169
191
161
178
66
368
245
173
176
136
169
373
201
160
102
110
249
201
176
433
83
259
220
230
69
342
67
318
136
416
56
218
126
418
199
224
109
79
198
441
79
74
108
128
216
84
167
109
227
248
158
203
148
95
144
120
246
142
115
141
84
59
247
407
95
204
219
259
189
72
183
268
95
70
52
407
224
176
191
426
177
219
128
143
104
338
96
342
223
158
157
363
175
258
52
137
137
360
236
78
127
357
129
141
203
192
195
126
217
331
66
140
124
303
170
153
83
425
72
252
221
339
172
381
244
111
60
120
143
134
134
245
149
294
55
364
165
392
79
153
227
53
66
88
55
157
62
108
155
263
138
123
223
104
82
82
190
81
163
158
184
302
232
156
242
383
182
413
118
79
231
407
163
95
120
440
187
133
72
107
247
446
225
348
206
303
179
241
154
360
138
394
187
406
99
198
59
72
112
99
102
295
116
440
128
200
111
181
209
427
106
229
211
146
221
257
67
247
65
190
79
415
133
90
173
364
113
223
151
110
205
219
133
199
158
313
199
273
214
200
247
160
103
355
117
353
115
168
156
198
89
180
131
234
195
248
240
61
72
176
173
448
101
353
198
70
144
277
246
430
90
375
155
412
240
85
194
379
144
67
55
83
184
445
76
86
239
322
136
167
204
186
199
309
235
192
133
319
189
314
178
181
200
378
74
223
196
388
240
175
139
75
153
137
122
208
192
263
158
185
218
99
132
243
107
237
84
152
176
102
108
154
86
173
242
289
129
191
224
162
75
130
245
443
77
449
204
188
154
182
57
141
157
61
133
188
87
58
69
299
105
275
68
300
85
152
150
313
236
346
162
401
98
412
151
400
96
236
180
347
241
385
124
121
157
185
59
259
145
55
164
297
170
421
110
250
227
251
144
383
146
179
176
427
208
328
241
442
77
217
198
437
145
188
238
158
170
51
103
197
194
436
114
363
186
266
228
425
243
357
114
132
231
65
52
405
147
214
150
391
238
437
132
411
98
320
88
270
76
437
240
222
193
165
133
154
66
196
131
320
231
92
226
233
204
330
174
364
175
310
209
315
200
183
119
358
113
284
110
109
214
213
200
67
60
150
176
86
131
332
201
73
177
359
207
70
137
189
222
416
135
405
81
435
125
389
210
60
214
197
158
274
104
256
211
128
218
138
151
299
92
62
91
378
180
397
248
380
103
81
171
397
196
278
248
411
83
103
202
179
155
346
133
253
240
60
235
142
67
186
58
148
205
434
88
409
174
257
140
353
133
439
80
89
72
366
101
434
55
320
155
207
218
267
195
129
239
405
212
175
100
82
122
336
202
94
70
70
61
127
222
275
194
248
247
343
161
285
240
179
166
174
139
372
70
57
69
284
119
312
227
270
232
241
58
257
184
149
150
146
95
270
121
194
197
291
148
325
106
232
53
107
146
80
155
231
69
430
97
164
91
79
166
429
241
316
240
56
114
275
108
210
212
396
114
399
162
387
135
243
75
86
205
215
207
278
66
437
145
277
161
366
223
183
209
146
224
149
124
398
163
138
125
374
198
190
156
153
197
391
121
112
138
257
142
127
50
322
169
232
139
281
57
179
125
227
167
269
89
215
180
161
98
67
95
446
165
404
99
274
193
198
166
444
211
84
105
400
193
212
215
69
146
62
62
362
210
78
83
227
219
99
146
163
87
282
66
61
241
310
158
445
73
207
203
208
172
291
129
80
176
322
191
61
51
289
159
432
245
301
157
322
62
65
77
193
163
163
196
312
190
116
228
443
185
127
157
395
81
439
149
208
186
265
95
112
211
213
156
375
190
323
94
310
131
430
193
212
210
125
150
221
232
120
200
170
119
277
80
160
91
383
59
318
123
397
66
315
111
404
57
416
213
236
147
84
144
397
59
437
184
123
81
417
203
88
170
89
169
239
235
128
67
162
63
111
125
66
232
61
235
149
164
419
154
317
93
334
151
340
225
153
161
394
224
425
126
188
58
420
141
390
102
388
217
358
137
359
233
306
51
330
165
344
190
89
172
343
91
373
132
348
51
287
68
356
202
102
89
266
70
59
201
307
53
129
161
113
239
365
132
255
74
406
85
412
120
280
81
408
220
225
123
334
196
152
185
286
163
189
91
402
104
60
230
340
193
91
234
396
178
433
94
82
143
449
221
52
82
294
159
395
227
321
210
345
127
403
81
152
151
427
161
232
80
283
114
177
90
95
63
435
64
196
163
172
113
128
128
122
248
445
137
205
148
159
142
325
228
412
247
95
156
213
123
306
209
278
177
449
58
66
192
317
185
374
212
349
176
267
169
74
80
320
65
191
63
177
191
414
123
74
231
87
206
187
65
153
193
299
205
206
117
438
113
164
137
301
217
193
245
152
169
142
190
162
98
310
218
339
138
345
152
105
133
110
101
358
209
162
157
101
214
435
60
327
85
312
213
325
120
235
228
88
64
265
153
406
174
248
74
266
102
417
212
263
108
356
147
188
242
363
103
77
108
440
183
247
189
249
91
285
178
373
94
443
202
319
203
396
65
393
63
275
173
65
105
110
229
83
237
152
192
298
136
138
197
85
229
244
76
187
117
282
164
165
157
312
140
311
249
90
195
382
120
296
229
423
221
60
169
91
111
318
243
223
189
91
104
324
148
290
121
309
126
54
159
405
143
77
58
62
237
123
180
292
152
350
121
381
95
143
171
419
235
134
241
149
163
173
181
165
55
309
110
117
195
126
230
337
213
87
108
315
65
286
183
405
140
258
127
401
158
423
72
421
64
70
54
53
229
439
55
142
177
303
231
308
141
412
223
301
240
286
100
327
234
361
61
396
78
379
233
403
106
88
249
272
103
263
222
363
118
84
114
356
246
312
191
112
123
337
136
293
132
66
155
323
78
170
226
375
190
422
233
55
213
54
185
259
175
65
173
264
87
236
182
190
135
247
175
85
138
364
94
205
80
310
88
417
60
90
114
91
61
211
228
159
199
429
98
145
236
329
131
344
152
410
210
315
137
154
99
96
130
400
117
253
195
63
186
62
165
257
174
283
195
357
228
264
212
262
204
174
115
333
59
157
249
324
215
147
207
88
88
137
198
368
132
312
95
146
204
311
246
207
60
317
169
346
166
223
222
445
170
202
247
191
146
206
156
212
158
370
206
89
175
440
172
295
94
384
178
327
159
440
247
63
227
92
90
116
179
375
87
284
66
66
225
50
238
259
59
180
130
57
184
146
117
215
239
145
217
280
158
256
237
380
247
447
213
391
96
265
172
278
137
293
143
148
118
344
208
137
132
381
63
401
78
320
176
304
90
229
135
375
166
350
137
328
150
108
57
440
58
104
230
327
135
398
103
401
235
226
248
327
62
343
73
342
120
194
162
201
155
318
189
233
53
297
135
201
93
288
171
60
70
377
197
110
186
361
149
90
195
297
164
443
191
300
87
327
136
287
85
128
238
132
53
303
121
58
235
432
61
110
221
226
55
80
91
166
213
318
231
416
241
397
221
416
119
285
56
204
185
139
178
405
213
326
87
296
130
170
122
121
136
258
159
411
196
152
139
383
222
58
237
192
127
448
83
442
243
409
80
286
243
288
107
443
154
279
205
265
57
182
51
400
88
149
133
317
65
385
245
164
61
372
86
187
165
332
169
363
170
303
221
135
82
337
189
236
208
220
176
439
112
384
122
279
57
382
239
70
136
347
90
66
242
426
107
422
229
408
143
101
130
65
158
170
195
326
187
87
87
307
206
211
152
445
223
81
187
297
178
440
143
294
249
250
213
334
118
321
114
247
92
270
114
114
60
202
101
154
128
159
125
92
221
73
107
140
153
126
84
314
102
249
61
209
130
138
224
184
154
170
149
406
169
315
169
197
130
191
61
175
122
231
72
282
188
413
81
224
85
366
121
107
68
74
137
223
150
428
207
430
214
381
67
67
99
60
66
294
216
76
216
92
71
344
89
405
69
251
102
231
74
415
231
286
75
322
134
116
224
79
185
160
130
294
94
174
69
399
189
182
98
317
153
151
59
202
69
72
86
422
152
227
245
440
115
393
191
106
160
318
221
165
148
105
154
113
184
105
202
192
169
57
135
328
177
256
226
328
196
225
192
342
218
282
111
293
242
336
137
425
187
182
69
138
173
325
151
359
246
198
152
120
168
115
149
298
120
258
248
322
138
203
157
140
182
127
116
301
150
361
225
246
112
309
247
64
127
263
194
168
165
442
65
255
186
226
160
427
122
383
146
87
97
346
207
412
67
110
53
59
150
214
178
384
59
289
86
178
249
138
185
195
229
438
160
266
52
169
153
311
140
99
90
184
113
339
200
346
58
120
248
360
236
280
143
235
237
382
146
384
64
299
178
179
213
421
65
377
125
252
130
355
70
442
214
90
222
294
150
325
242
304
118
191
225
274
172
270
111
332
69
160
206
278
150
100
245
389
54
177
232
146
87
233
101
138
53
53
132
307
227
92
212
79
80
240
227
340
94
146
220
337
159
448
210
397
187
225
108
323
152
403
129
440
183
205
123
104
58
268
226
360
185
145
137
167
183
423
94
255
211
314
106
433
182
229
76
74
130
257
57
217
230
70
84
269
88
448
129
184
138
240
218
89
202
322
243
397
170
295
145
123
158
129
219
242
58
202
241
167
157
112
145
443
197
323
154
97
82
320
88
127
226
444
185
190
186
315
202
203
199
363
57
299
52
170
229
79
242
100
113
163
148
50
60
397
74
394
200
69
173
407
97
413
195
172
193
50
142
68
243
320
139
261
77
323
137
329
58
362
127
388
248
354
158
80
90
328
187
139
108
143
112
324
83
202
101
429
67
254
185
113
179
449
228
188
155
70
166
133
146
321
96
74
227
68
230
173
188
237
170
110
73
171
163
167
116
64
150
396
91
290
203
294
244
258
139
51
198
414
104
218
87
443
247
241
203
99
192
77
247
430
163
135
81
302
130
201
153
409
101
238
227
335
157
61
109
139
241
409
231
100
121
306
120
358
178
445
124
417
234
113
81
264
77
291
208
154
164
439
220
200
162
335
58
366
140
391
93
166
109
214
62
149
240
96
119
108
242
105
166
420
51
246
173
418
137
185
152
327
59
323
178
291
243
121
141
245
244
205
209
125
219
392
193
122
200
270
141
373
183
348
170
341
163
336
219
145
194
153
206
162
206
223
63
303
218
313
216
230
58
169
212
290
196
158
110
147
241
215
213
177
69
153
237
309
220
369
232
410
61
133
147
127
238
332
52
185
105
230
233
85
132
178
245
348
178
168
135
201
229
390
237
56
213
399
160
380
192
279
205
176
174
299
123
82
135
98
153
319
210
344
224
235
104
90
106
426
93
124
71
325
57
121
149
206
143
194
125
87
129
222
230
122
178
429
106
282
116
88
129
196
87
329
62
312
75
262
121
140
223
185
203
443
96
144
231
190
240
344
166
272
230
160
128
165
62
408
134
436
230
137
177
192
133
193
249
182
68
346
164
103
209
163
77
411
117
196
182
313
223
167
130
425
51
197
188
256
80
393
136
92
168
248
150
275
61
111
191
288
176
362
153
255
212
141
74
67
78
210
191
146
64
187
142
334
196
288
172
353
50
294
126
249
198
104
151
350
240
266
197
110
109
155
71
139
83
240
103
169
238
380
170
299
222
259
81
238
106
194
133
256
193
93
206
365
153
312
112
141
219
169
127
269
121
364
92
323
116
213
214
196
110
59
173
401
69
334
213
156
232
434
66
216
84
411
222
51
225
124
69
252
51
278
168
224
120
316
190
278
239
239
51
361
206
176
123
222
183
421
224
291
211
362
194
178
115
411
182
374
132
167
127
64
146
224
238
191
215
150
195
182
247
178
148
190
75
63
236
371
94
52
241
231
177
287
93
253
213
157
91
166
82
400
216
428
138
217
144
174
234
357
152
94
199
380
187
267
67
411
104
112
174
263
104
207
50
70
165
189
221
303
240
154
209
96
216
250
114
109
112
274
246
175
157
52
227
358
50
187
161
149
171
270
191
389
182
364
86
52
235
114
135
383
152
310
173
277
174
433
120
231
79
404
90
239
111
422
219
319
141
91
151
198
155
147
190
340
60
249
247
335
204
318
224
293
108
248
200
79
156
137
117
187
126
263
91
431
72
137
199
367
186
255
202
166
78
145
118
361
100
292
110
250
126
254
237
111
171
103
152
256
236
388
151
314
232
416
170
334
156
363
105
134
73
352
160
429
105
155
208
370
106
363
151
199
58
414
103
379
58
104
176
426
247
59
139
350
216
118
203
435
139
446
219
182
87
120
206
440
125
448
164
66
58
107
77
283
129
153
66
252
140
321
125
252
128
103
174
299
188
326
50
233
126
442
156
424
200
395
105
365
139
391
122
322
248
306
67
270
74
218
246
239
126
87
201
248
172
286
225
127
114
56
249
101
207
310
218
84
68
140
227
218
88
419
171
394
153
236
198
298
146
152
66
145
159
105
95
294
185
212
91
286
54
109
180
356
94
213
223
124
204
170
59
371
106
306
91
326
218
212
64
281
167
83
137
162
59
246
228
357
96
157
106
129
57
161
200
194
76
322
204
75
150
199
126
155
199
425
143
170
157
304
56
214
221
188
146
274
242
205
177
367
118
128
159
73
171
238
157
423
161
71
200
362
54
90
187
339
216
413
79
434
78
400
196
232
132
147
58
423
231
160
81
89
196
359
218
444
94
249
94
97
155
360
127
424
128
396
83
158
100
175
77
372
220
275
178
227
244
255
164
433
70
122
84
155
207
117
139
107
89
270
80
362
169
97
140
58
96
72
161
442
159
419
66
368
137
96
142
427
145
110
196
272
85
102
120
348
132
320
176
88
109
418
216
271
234
424
114
384
138
318
109
249
169
154
107
401
238
102
78
347
225
398
67
246
215
361
63
93
171
415
219
320
132
141
188
435
57
132
227
235
228
97
211
379
187
301
214
410
237
135
179
371
84
384
117
361
193
357
72
368
101
384
172
74
79
305
118
249
148
119
103
401
230
381
176
171
80
344
147
349
229
224
192
445
99
213
213
445
76
273
54
61
163
379
122
58
185
234
158
127
241
207
140
430
223
70
152
123
204
426
218
255
238
167
104
245
249
282
107
260
203
279
120
133
161
435
143
303
51
432
57
409
70
401
68
420
74
295
229
270
221
331
119
401
227
345
120
380
134
361
55
371
188
377
207
305
88
201
98
231
174
163
62
167
57
391
214
284
97
403
240
69
116
271
137
73
196
395
228
186
50
364
215
161
223
173
100
98
180
64
90
138
202
321
202
413
145
404
218
60
67
127
154
339
153
144
106
71
150
186
67
393
62
310
161
357
145
74
70
191
230
353
153
76
102
123
160
395
81
348
191
234
104
309
64
303
134
61
146
341
56
224
83
181
196
177
73
357
210
150
140
118
234
283
74
199
77
281
165
390
71
274
142
296
244
429
200
76
61
70
160
373
139
191
214
276
237
279
72
390
112
408
133
164
184
201
92
269
75
438
142
303
216
372
196
255
202
371
138
407
152
244
198
69
66
153
67
205
136
80
64
284
201
274
155
423
129
118
82
408
201
216
191
191
137
235
106
251
240
91
107
250
165
143
95
235
62
171
61
327
83
386
179
66
231
449
163
314
65
225
111
58
189
169
197
408
242
257
87
221
66
261
243
316
204
349
141
244
88
356
130
361
73
357
195
129
198
142
184
434
50
317
218
78
149
255
131
274
105
113
234
217
97
297
209
232
130
269
50
106
111
84
94
327
121
394
235
63
242
308
160
356
222
151
103
205
116
318
191
294
197
261
203
290
101
68
54
60
202
166
161
288
74
213
136
216
162
95
123
163
103
341
225
423
216
283
233
445
81
273
81
300
240
337
73
76
231
291
123
167
220
282
207
179
62
224
231
175
234
350
241
202
152
59
166
377
164
344
161
294
110
131
63
385
52
387
62
323
94
360
238
91
202
360
101
321
122
210
141
285
187
324
72
54
146
123
141
403
233
86
236
294
194
216
112
50
231
142
249
441
239
278
203
147
232
65
244
449
63
275
153
108
85
58
198
232
123
401
83
326
212
383
183
307
207
376
72
415
161
381
157
59
148
375
102
399
74
149
103
301
212
390
112
387
175
211
73
437
122
189
209
79
189
257
149
347
199
166
216
334
81
336
187
344
57
252
86
244
150
186
185
134
151
304
144
399
195
361
168
124
213
263
110
266
83
381
143
167
195
327
83
98
50
367
198
331
71
63
207
368
75
431
226
159
237
69
104
183
132
58
113
111
185
295
90
143
190
329
177
175
205
407
165
232
192
438
234
361
99
438
169
255
244
125
87
237
55
268
242
405
183
170
56
416
127
295
137
199
131
238
203
290
147
285
165
442
112
172
187
303
162
391
111
221
211
203
96
408
182
308
111
318
76
175
94
370
71
245
158
430
70
130
240
269
207
90
176
436
124
392
92
410
112
398
83
212
229
440
72
225
106
316
109
381
243
68
135
178
141
121
57
313
181
322
241
239
100
352
212
137
207
236
199
444
52
274
189
403
68
440
65
353
217
367
88
410
235
127
165
102
138
90
247
129
138
63
124
302
106
70
181
70
168
158
222
78
146
261
124
329
169
246
162
327
53
393
128
93
72
71
186
273
103
177
229
378
215
281
226
289
195
328
111
362
161
154
85
440
61
350
244
317
133
429
113
250
202
269
82
298
59
121
52
79
135
265
211
299
194
322
185
287
171
376
188
398
109
283
234
396
228
245
242
107
101
159
232
176
104
282
172
261
236
304
86
202
116
244
97
288
191
310
121
67
82
404
73
230
99
278
231
271
140
299
158
185
172
258
137
335
85
374
171
229
144
342
172
198
111
111
142
191
110
243
101
437
173
429
201
172
94
399
102
277
100
436
98
104
209
331
204
303
118
177
52
193
61
357
83
181
164
201
126
135
142
177
63
143
172
123
177
72
150
106
210
72
161
263
166
274
149
167
196
200
115
384
174
371
99
406
170
407
165
401
227
418
237
192
116
142
176
283
128
267
134
207
145
390
123
352
164
365
196
247
241
345
211
161
188
246
200
440
214
182
58
268
68
221
138
321
109
325
129
54
142
385
119
129
126
313
142
388
101
113
141
427
193
60
135
232
111
328
247
411
118
91
199
189
203
283
206
427
154
216
224
307
188
425
117
174
83
98
171
245
206
330
239
135
127
268
211
126
190
322
123
134
95
273
209
420
183
331
97
127
148
328
136
78
155
173
217
163
79
258
88
63
59
398
213
125
139
339
131
365
75
204
197
171
213
436
67
240
124
312
128
186
199
291
113
108
87
189
63
363
223
177
68
441
215
440
115
328
133
149
55
309
142
110
137
222
231
337
124
390
243
409
74
65
139
437
197
445
174
84
114
401
86
379
207
112
157
378
127
232
212
111
92
185
128
217
146
155
82
283
209
127
181
264
95
183
51
130
186
157
238
384
96
108
218
51
92
406
133
85
187
213
210
406
147
106
157
179
108
270
203
155
243
217
169
334
75
200
57
334
216
137
107
355
225
89
52
283
102
232
172
432
113
192
87
158
120
256
218
141
160
71
97
399
168
438
133
228
106
132
149
135
160
172
84
413
218
70
207
219
249
291
127
420
147
341
118
230
145
409
92
255
113
427
136
170
225
171
103
54
244
414
50
347
123
314
103
140
80
180
156
445
134
76
219
75
92
199
53
429
224
294
144
107
59
366
230
138
248
50
164
368
235
402
220
182
152
243
246
181
173
389
67
78
233
218
106
145
56
70
219
326
242
274
187
333
110
255
76
125
229
393
78
389
107
55
64
160
117
123
246
342
84
70
71
133
145
285
240
342
71
273
192
237
210
416
237
307
225
90
100
147
140
78
184
237
61
182
89
210
232
341
91
149
155
173
81
112
109
371
72
260
136
101
91
76
232
405
130
59
202
192
144
210
227
136
148
351
184
268
82
82
74
214
222
206
178
409
192
80
66
251
173
111
136
220
222
59
104
328
176
79
179
50
205
60
247
145
192
60
149
303
104
146
242
398
106
119
243
275
234
324
92
175
168
171
